# libraries
# automatically download uninstalled packages from the registry
libNames <- c('tidyverse', 'data.table')
for(i in 1:length(libNames)){
if (!libNames[i] %in% rownames(installed.packages())){
install.packages(libNames[i], dependencies = TRUE)
}
library(libNames[i], character.only=TRUE)
}
Grus_grus <- data.table::fread("Grus_grus.csv")
View(Grus_grus)
badRows <- c(393562, 393563, 393564, 393565, 393566, 393567, 393568, 393569, 393570, 393571, 393572, 393573, 393574, 393575, 393576, 393577, 393578, 393579, 393580, 553606, 553607, 553608, 553609, 553610, 553611, 553612, 553613, 553614, 553615, 553616, 553617, 553618, 553619, 553620, 556050, 556051, 556052, 556053, 556054, 556055, 556056, 556069, 556070, 556071, 556072, 556073, 556074, 696989, 696990, 696991, 696992, 696993, 696994, 696995, 696996, 696997, 696998, 696999, 697000, 697001, 697002, 703421, 703422, 703423, 703424, 703425, 703426, 703427, 703428, 703431, 703432, 703433, 703434, 703435, 703436, 703437, 703438, 703439, 703441, 703442, 703443, 703444, 703445, 703446, 703447, 703448, 703449, 703450, 703451, 730746, 730747, 730748, 730749, 730750, 730751, 730752, 730753, 730754, 730755, 730756, 730757, 730758, 730759, 730760, 730761, 730762, 730763, 730764, 730765, 730766, 730767, 730768, 730769, 730770, 730771, 730772, 730773, 730774, 730775, 730776, 730777, 730778, 730779, 730780, 730781, 730782, 730783, 730784, 730785, 730786, 730787, 730788, 730789, 730790, 730791, 730792, 730793, 730794, 730795, 730796, 730797, 730798, 730799, 730800, 730801, 730802, 730803, 730804, 730805, 730806, 730807, 730808, 730809, 730810, 730811, 730812, 730813, 730814, 730815, 730816, 730817, 730818, 730819, 730820, 730821, 730822, 730823, 730824, 730825, 730826, 730827, 730828, 730829, 730830, 730831, 730832, 730833, 730834, 730835, 730836, 730837, 730838, 730839, 730840, 730841, 730842, 730843, 730844, 730845, 730846, 730847, 730848, 730849, 730850, 730851, 730852, 730853, 730854, 730855, 730856, 730857, 730858, 730859, 730860, 730861, 730862, 730863, 730864, 730865, 730866, 730867, 730868, 730869, 730870, 730871, 730872, 730873, 730874, 730875, 730876, 730877, 730878, 730879, 730880, 730881, 730882, 730883, 730884, 730885, 730886, 730887, 730888, 730889, 730890, 730891, 730892, 730893, 730894, 730895, 730896, 730897, 730898, 730899, 730900, 730901, 730902, 730903, 730904, 730905, 730906, 730907, 730908, 730909, 730910, 730911, 730912, 730913, 730914, 730915, 730916, 730917, 730918, 730919, 730920, 730921, 730922, 730923, 730924, 730925, 730926, 730927, 730928, 730929, 730930, 730931, 730932, 730933, 730934, 730935, 730936, 730937, 730938, 730939, 730940, 730941, 730942, 730943, 730944, 730945, 730946, 730947, 730948, 730949, 730950, 730951, 730952, 730953, 730954, 730955, 730956, 730957, 730958, 730959, 730960, 730961, 730962, 730963, 730964, 730965, 730966, 730967, 730968, 730969, 730970, 730971, 730972, 730973, 730974, 730975, 730976, 730977, 730978, 730979, 730980, 730981, 730982, 730983, 730984, 730985, 730986, 730987, 730988, 730989, 730990, 730991, 730992, 730993, 730994, 730995, 730996, 730997, 730998, 730999, 731000, 731001, 731002, 731003, 731004, 731005, 731006, 731007, 731008, 731009, 731010, 731011, 731012, 731013, 731014, 731015, 731016, 731017, 731018, 731019, 731020, 731021, 731022, 731023, 731024, 731025, 731026, 731027, 731028, 731029, 731030, 731031, 731032, 731033, 731034, 731035, 731036, 731037, 731038, 731039, 731040, 731041, 731042, 731043, 731044, 731045, 731046, 731047, 731048, 731049, 731050, 731051, 731052, 731053, 731054, 731055, 731056, 731057, 731058, 731059, 731060, 731061, 731062, 731063, 731064, 731065, 731066, 731067, 731068, 731069, 731070, 731071, 731072, 731073, 731074, 731075, 731076, 731077, 731078, 731079, 731080, 731081, 731082, 731083, 731084, 731085, 731086, 731087, 731088, 731089, 731090, 731091, 731092, 731093, 731094, 731095, 731096, 731097, 731098, 731099, 731100, 731101, 731102, 731103, 731104, 731105, 731106, 731107, 731108, 731109, 731110, 731111, 731112, 731113, 731114, 731115, 731116, 731117, 731118, 731119, 731120, 731121, 731122, 731123, 731124, 731125, 731126, 731127, 731128, 731129, 731130, 731131, 731132, 731133, 731134, 731135, 731136, 731137, 731138, 731139, 731140, 731141, 731142, 731143, 731144, 731145, 731146, 731147, 731148, 731149, 731150, 731151, 731152, 731153, 731154, 731155, 731156, 731157, 731158, 731159, 731160, 731161, 731162, 731163, 731164, 731165, 731166, 731167, 731168, 731169, 731170, 731171, 731172, 731173, 731174, 731175, 731176, 731177, 731178, 731179, 731180, 731181, 731182, 731183, 731184, 731185, 731186, 731187, 731188, 731189, 731190, 731191, 731192, 731193, 731194, 731195, 731196, 731197, 731198, 731199, 731200, 731201, 731202, 731203, 731204, 731205, 731206, 731207, 731208, 731209, 731210, 731211, 731212, 731213, 731214, 731215, 731216, 731217, 731218, 731219, 731220, 731221, 731222, 731223, 731224, 731225, 731226, 731227, 731228, 731229, 731230, 731231, 731232, 731233, 731234, 731235, 731236, 731237, 731238, 731239, 731240, 731241, 731242, 731243, 731244, 731245, 731246, 731247, 731248, 731249, 731250, 731251, 731252, 731253, 731254, 731255, 731256, 731257, 731258, 731259, 731260, 731261, 731262, 731263, 731264, 731265, 731266, 731267, 731268, 731269, 731270, 731271, 731272, 731273, 731274, 731275, 731276, 731277, 731278, 731279, 731280, 731281, 731282, 731283, 731284, 731285, 731286, 731287, 731288, 731289, 731290, 731291, 731292, 731293, 731294, 731295, 731296, 731297, 731298, 731299, 731300, 731301, 731302, 731303, 731304, 731305, 731306, 731307, 731308, 731309, 731310, 731311, 731312, 731313, 731314, 731315, 731316, 731317, 731318, 731319, 731320, 731321, 731322, 731323, 731324, 731325, 731326, 731327, 731328, 731329, 731330, 731331, 731332, 731333, 731334, 731335, 731336, 731337, 731338, 731339, 731340, 731341, 731342, 731343, 731344, 731345, 731346, 731347, 731348, 731349, 731350, 731351, 731352, 731353, 731354, 731355, 731356, 731357, 731358, 731359, 731360, 731361, 731362, 731363, 731364, 731365, 731366, 731367, 731368, 731369, 731370, 731371, 731372, 731373, 731374, 731375, 731376, 731377, 731378, 731379, 731380, 731381, 731382, 731383, 731384, 731385, 731386, 731387, 731388, 731389, 731390, 731391, 731392, 731393, 731394, 731395, 731396, 731397, 731398, 731399, 731400, 731401, 731402, 731403, 731404, 731405, 731406, 731407, 731408, 731409, 731410, 731411, 731412, 731413, 731414, 731415, 731416, 840543, 840544, 840545, 840546, 840547, 840548, 856171, 856172, 856173, 856174, 856175, 856176, 856177, 856178, 856179, 856180, 856181, 856182, 856183, 856184, 856185, 856186, 856194, 856195, 856196, 856197, 856198, 856199, 856200, 856201, 856202, 856203, 856204, 955634, 955635, 955636, 955637, 955638, 955639, 955640, 955641, 955642, 955643, 955644, 955645, 955646, 955647, 955648, 955649, 955650, 955651, 955661, 955662, 955663, 955664, 955665, 955666, 955667, 955668, 955669, 955670, 955671, 955672, 955673, 1150466, 1150467, 1150468, 1150469, 1150470, 1150471, 1150472, 1150473, 1293523, 1293524, 1293525, 1293526, 1293527, 1293528, 1293529, 1293530, 1293531, 1293532, 1293533, 1293534, 1293535, 1293536, 1293537, 1293538, 1293539, 1326208, 1326209, 1326210, 1326211, 1326212, 1326213, 1326214, 1326215, 1326216, 1326217, 1326218, 1466657, 1466658, 1466659, 1466660, 1466661, 1466662, 1466663, 1466664, 1466665, 1466666, 1466669, 1466670, 1466671, 1466672, 1466673, 1466674, 1466675, 1641478, 1641479, 1658613, 1658614, 1658615, 1658616, 1658617, 1658618, 1658619, 1658620, 1658621, 1658622, 1658623, 1658624, 1658625, 1658626, 1658627, 1658628, 1658629, 1658630, 1658631, 1658632, 1658633, 1658634, 1658635, 1658636, 1658637, 1658638, 1658639, 1658640, 1658641, 1658642, 1658643, 1658644, 1658645, 1658646, 1658647, 1658648, 1658649, 1658650, 1658651, 1658652, 1658653, 1658654, 1658655, 1658656, 1658657, 1658658, 1658659, 1658660, 1658661, 1658662, 1658663, 1658664, 1658665, 1658666, 1658667, 1658668, 1658669, 1658670, 1658671, 1658672, 1658673, 1658674, 1658675, 1658676, 1658677, 1658678, 1658679, 1658680, 1658681, 1658682, 1658683, 1658684, 1658685, 1658686, 1658687, 1658688, 1658689, 1658690, 1658691, 1658692, 1658693, 1658694, 1658695, 1658696, 1658697, 1658698, 1658699, 1658700, 1658701, 1658702, 1658703, 1658704, 1658705, 1658706, 1658707, 1658708, 1658709, 1658710, 1658711, 1658712, 1658713, 1658714, 1658715, 1658716, 1658717, 1658718, 1658719, 1658720, 1658721, 1658722, 1658723, 1658724, 1658725, 1658726, 1658727, 1658728, 1658729, 1658730, 1658731, 1658732, 1658733, 1658734, 1658735, 1658736, 1658737, 1658738, 1658739, 1658740, 1658741, 1658742, 1658743, 1658744, 1658745, 1658746, 1658747, 1658748, 1658749, 1658750, 1658751, 1658752, 1658753, 1658754, 1658755, 1658756, 1658757, 1658758, 1658759, 1658760, 1658761, 1658762, 1658763, 1658764, 1658765, 1658766, 1658767, 1658768, 1658769, 1658770, 1658771, 1658772, 1658773, 1658774, 1658775, 1658776, 1658777, 1658778, 1658779, 1658780, 1658781, 1658782, 1658783, 1658784, 1658785, 1658786, 1658787, 1658788, 1658789, 1658790, 1658791, 1658792, 1658793, 1658794, 1658795, 1658796, 1658797, 1658798, 1658799, 1658800, 1658801, 1658802, 1658803, 1658804, 1658805, 1658806, 1658807, 1658808, 1658809, 1658810, 1658811, 1658812, 1658813, 1658814, 1658815, 1658816, 1658817, 1658818, 1658819, 1658820, 1658821, 1658822, 1658823, 1658824, 1658825, 1658826, 1658827, 1658828, 1658829, 1658830, 1658831, 1658832, 1658833, 1658834, 1658835, 1658836, 1658837, 1658838, 1658839, 1658840, 1658841, 1658842, 1658843, 1658844, 1658845, 1658846, 1658847, 1658848, 1658849, 1658850, 1658851, 1658852, 1658853, 1658854, 1658855, 1658856, 1658857, 1658858, 1658859, 1658860, 1658861, 1658862, 1658863, 1658864, 1658865, 1658866, 1658867, 1658868, 1658869, 1658870, 1658871, 1658872, 1658873, 1658874, 1658875, 1658876, 1658877, 1658878, 1658879, 1658880, 1658881, 1658882, 1658883, 1658884, 1658885, 1658886, 1658887, 1658888, 1658889, 1658890, 1658891, 1658892, 1658893, 1658894, 1658895, 1658896, 1658897, 1658898, 1658899, 1658900, 1658901, 1658902, 1658903, 1658904, 1658905, 1658906, 1658907, 1658908, 1658909, 1658910, 1658911, 1658912, 1658913, 1658914, 1658915, 1658916, 1658917, 1658918, 1658919, 1658920, 1658921, 1658922, 1658923, 1658924, 1658925, 1658926, 1658927, 1658928, 1658929, 1658930, 1658931, 1658932, 1658933, 1658934, 1658935, 1658936, 1658937, 1658938, 1658939, 1658940, 1658941, 1658942, 1658943, 1658944, 1658945, 1658946, 1658947, 1658948, 1658949, 1658950, 1658951, 1658952, 1658953, 1658954, 1658955, 1658956, 1658957, 1658958, 1658959, 1658960, 1658961, 1658962, 1658963, 1658964, 1658965, 1658966, 1658967, 1658968, 1658969, 1658970, 1658971, 1658972, 1658973, 1658974, 1658975, 1658976, 1658977, 1658978, 1658979, 1658980, 1658981, 1658982, 1658983, 1658984, 1658985, 1658986, 1658987, 1658988, 1658989, 1658990, 1658991, 1658992, 1658993, 1658994, 1658995, 1658996, 1658997, 1658998, 1658999, 1659000, 1659001, 1659002, 1659003, 1659004, 1659005, 1659006, 1659007, 1659008, 1659009, 1659010, 1659011, 1659012, 1659013, 1659014, 1659015, 1659016, 1659017, 1659018, 1659019, 1659020, 1659021, 1659022, 1659023, 1659024, 1659025, 1659026, 1659027, 1659028, 1659029, 1659030, 1659031, 1659032, 1659033, 1659034, 1659035, 1659036, 1659037, 1659038, 1659039, 1659040, 1659041, 1659042, 1659043, 1659044, 1659045, 1659046, 1659047, 1659048, 1659049, 1659050, 1659051, 1659052, 1659053, 1659054, 1659055, 1659056, 1659057, 1659058, 1659059, 1659060, 1659061, 1659062, 1659063, 1659064, 1659065, 1659066, 1659067, 1659068, 1659069, 1659070, 1659071, 1659072, 1659073, 1659074, 1659075, 1659076, 1659077, 1659078, 1659079, 1659080, 1659081, 1659082, 1659083, 1659084, 1659085, 1659086, 1659087, 1659088, 1659089, 1659090, 1659091, 1659092, 1659093, 1659094, 1659095, 1659096, 1659097, 1659098, 1659099, 1659100, 1659101, 1659102, 1659103, 1659104, 1659105, 1659106, 1659107, 1659108, 1659109, 1659110, 1659111, 1659112, 1659113, 1659114, 1659115, 1659116, 1659117, 1659118, 1659119, 1659120, 1659121, 1659122, 1659123, 1659124, 1659125, 1659126, 1659127, 1659128, 1659129, 1659130, 1659131, 1659132, 1659133, 1659134, 1659135, 1659136, 1659137, 1659138, 1659139, 1659140, 1659141, 1659142, 1659143, 1659144, 1659145, 1659146, 1659147, 1659148, 1659149, 1659150, 1659151, 1659152, 1659153, 1659154, 1659155, 1659156, 1659157, 1659158, 1659159, 1659160, 1659161, 1659162, 1659163, 1659164, 1659165, 1659166, 1659167, 1659168, 1659169, 1659170, 1659171, 1659172, 1659173, 1659174, 1659175, 1659176, 1659177, 1659178, 1659179, 1659180, 1659181, 1659182, 1659183, 1659184, 1659185, 1659186, 1659187, 1659188, 1659189, 1659190, 1659191, 1659192, 1659193, 1659194, 1659195, 1659196, 1659197, 1659198, 1659199, 1659200, 1659201, 1659202, 1659203, 1659204, 1659205, 1659206, 1659207, 1659208, 1659209, 1659210, 1659211, 1659212, 1659213, 1659214, 1659215, 1659216, 1659217, 1659218, 1659219, 1659220, 1659221, 1659222, 1659223, 1659224, 1659225, 1659226, 1659227, 1659228, 1659229, 1659230, 1659231, 1659232, 1659233, 1659234, 1659235, 1659236, 1659237, 1659238, 1659239, 1659240, 1659241, 1659242, 1659243, 1659244, 1659245, 1659246, 1659247, 1659248, 1659249, 1659250, 1659251, 1659252, 1659253, 1659254, 1659255, 1659256, 1659257, 1659258, 1659259, 1659260, 1659261, 1659262, 1659263, 1659264, 1659265, 1659266, 1659267, 1659268, 1659269, 1659270, 1659271, 1659272, 1659273, 1659274, 1659275, 1659276, 1659277, 1659278, 1659279, 1659280, 1659281, 1659282, 1659283, 1659284, 1659285, 1659286, 1659287, 1659288, 1659289, 1659290, 1659291, 1659292, 1659293, 1659294, 1659295, 1659296, 1659297, 1659298, 1659299, 1659300, 1659301, 1659302, 1659303, 1659304, 1659305, 1659306, 1659307, 1659308, 1659309, 1659310, 1659311, 1659312, 1659313, 1659314, 1659315, 1659316, 1659317, 1659318, 1659319, 1659320, 1659321, 1659322, 1659323, 1659324, 1659325, 1659326, 1659327, 1659328, 1659329, 1659330, 1659331, 1659332, 1659333, 1659334, 1659335, 1659336, 1659337, 1659338, 1659339, 1659340, 1659341, 1659342, 1659343, 1659344, 1659345, 1659346, 1659347, 1659348, 1659349, 1659350, 1659351, 1659352, 1659353, 1659354, 1659355, 1659356, 1659357, 1659358, 1659359, 1659360, 1659361, 1659362, 1659363, 1659364, 1659365, 1659366, 1659367, 1659368, 1659369, 1659370, 1659371, 1659372, 1659373, 1659374, 1659375, 1659376, 1659377, 1659378, 1659379, 1659380, 1659381, 1659382, 1659383, 1659384, 1659385, 1659386, 1659387, 1659388, 1659389, 1659390, 1659391, 1659392, 1659393, 1659394, 1659395, 1659396, 1659397, 1659398, 1659399, 1659400, 1659401, 1659402, 1659403, 1659404, 1659405, 1659406, 1659407, 1659408, 1659409, 1659410, 1659411, 1659412, 1659413, 1659414, 1659415, 1659416, 1659417, 1659418, 1659419, 1659420, 1659421, 1659422, 1659423, 1659424, 1659425, 1659426, 1659427, 1659428, 1659429, 1659430, 1659431, 1659432, 1659433, 1659434, 1659435, 1659436, 1659437, 1659438, 1659439, 1659440, 1659441, 1659442, 1659443, 1659444, 1659445, 1659446, 1659447, 1659448, 1659449, 1659450, 1659451, 1659452, 1659453, 1659454, 1659455, 1659456, 1659457, 1659458, 1659459, 1659460, 1659461, 1659462, 1659463, 1659464, 1659465, 1659466, 1659467, 1659468, 1659469, 1659470, 1659471, 1659472, 1659473, 1659474, 1659475, 1659476, 1659477, 1659478, 1659479, 1659480, 1659481, 1659482, 1659483, 1659484, 1659485, 1659486, 1659487, 1659488, 1659489, 1659490, 1659491, 1659492, 1659493, 1659494, 1659495, 1659496, 1659497, 1659498, 1659499, 1659500, 1659501, 1659502, 1659503, 1659504, 1659505, 1659506, 1659507, 1659508, 1659509, 1659510, 1659511, 1659512, 1659513, 1659514, 1659515, 1659516, 1659517, 1659518, 1659519, 1659520, 1659521, 1659522, 1659523, 1659524, 1659525, 1659526, 1659527, 1659528, 1659529, 1659530, 1659531, 1659532, 1659533, 1659534, 1659535, 1659536, 1659537, 1659538, 1659539, 1659540, 1659541, 1659542, 1659543, 1659544, 1659545, 1659546, 1659547, 1659548, 1659549, 1659550, 1659551, 1659552, 1659553, 1659554, 1659555, 1659556, 1659557, 1659558, 1659559, 1659560, 1659561, 1659562, 1659563, 1659564, 1659565, 1659566, 1659567, 1659568, 1659569, 1659570, 1659571, 1659572, 1659574, 1659575, 1659576, 1659577, 1659578, 1659579, 1659580, 1659581, 1659582, 1659583, 1659584, 1659585, 1659586, 1659587, 1659588, 1659589, 1659590, 1659591, 1659592, 1659593, 1659594, 1659595, 1659596, 1659597, 1659598, 1659599, 1659600, 1659601, 1659602, 1659603, 1659604, 1659605, 1659606, 1659607, 1659608, 1659609, 1659610, 1659611, 1659612, 1659613, 1659614, 1659615, 1659616, 1659617, 1659618, 1659619, 1659620, 1659621, 1659622, 1659623, 1659624, 1659625, 1659626, 1659627, 1659628, 1659629, 1659630, 1659631, 1659632, 1659633, 1659634, 1659635, 1659636, 1659637, 1659638, 1659639, 1659640, 1659641, 1659642, 1659643, 1659644, 1659645, 1659646, 1659647, 1659648, 1659649, 1659650, 1659651, 1659652, 1659653, 1659654, 1659655, 1659656, 1659657, 1659658, 1659659, 1659660, 1659661, 1659662, 1659663, 1659664, 1659665, 1659666, 1659667, 1659668, 1659669, 1659670, 1659671, 1659672, 1659673, 1659674, 1659675, 1659676, 1659677, 1659678, 1659679, 1659680, 1659681, 1659682, 1659683, 1659684, 1659685, 1659686, 1659687, 1659688, 1659689, 1659690, 1659691, 1659692, 1659693, 1659694, 1659695, 1659696, 1659697, 1659698, 1659699, 1659700, 1659701, 1659702, 1659703, 1659704, 1659705, 1659706, 1659707, 1659708, 1659709, 1659710, 1659711, 1659712, 1659713, 1659714, 1659715, 1659716, 1659717, 1659718, 1659719, 1659720, 1659721, 1659722, 1659723, 1659724, 1659725, 1659726, 1659727, 1659728, 1659729, 1659730, 1659731, 1659732, 1659733, 1659734, 1659735, 1659736, 1659737, 1659738, 1659739, 1659740, 1659741, 1659742, 1659743, 1659744, 1659745, 1659746, 1659747, 1659748, 1659749, 1659750, 1659751, 1659752, 1659753, 1659754, 1659755, 1659756, 1659757, 1659758, 1659759, 1659760, 1659761, 1659762, 1659763, 1659764, 1659765, 1659766, 1659767, 1659768, 1659769, 1659770, 1659771, 1659772, 1659773, 1659774, 1659775, 1659776, 1659777, 1659778, 1659779, 1659780, 1659781, 1659782, 1659783, 1659784, 1659785, 1659786, 1659787, 1659788, 1659789, 1659790, 1659791, 1659792, 1659793, 1659794, 1659795, 1659796, 1659797, 1659798, 1659799, 1659800, 1659801, 1659802, 1659803, 1659804, 1659805, 1659806, 1659829, 1659830, 1659831, 1659832, 1659833, 1659834, 1659835, 1659836, 1659837, 1659838, 1659839, 1659843, 1659844, 1659845, 1659846, 1659847, 1659848, 1659849, 1659850, 1659851, 1659852, 1659853, 1659854, 1659858, 1659859, 1659860, 1659861, 1659862, 1659863, 1659864, 1659865, 1659866, 1659867, 1659871, 1659872, 1659873, 1659874, 1659875, 1659876, 1659877, 1659878, 1696909, 1696910, 1696911, 1696912, 1696913, 1696914, 1696915, 1696916, 1696917, 1696918, 1696919, 1696920, 1696921, 1696922, 1696923, 1696924, 1696925, 1696926, 1696927, 1715153, 1715154, 1715155, 1715156, 1715157, 1715158, 1715159, 1715160, 1715162, 1715163, 1715164, 1715165)
badRows <- c(393562, 393563, 393564, 393565, 393566, 393567, 393568, 393569, 393570, 393571, 393572, 393573, 393574, 393575,
badRows <- c(393562, 393563, 393564, 393565, 393566, 393567, 393568, 393569, 393570, 393571, 393572, 393573, 393574, 393575,
393576, 393577, 393578, 393579, 393580, 553606, 553607, 553608, 553609, 553610, 553611, 553612, 553613, 553614,
553615, 553616, 553617, 553618, 553619, 553620, 556050, 556051, 556052, 556053, 556054, 556055, 556056, 556069,
556070, 556071, 556072, 556073, 556074, 696989, 696990, 696991, 696992, 696993, 696994, 696995, 696996, 696997,
696998, 696999, 697000, 697001, 697002, 703421, 703422, 703423, 703424, 703425, 703426, 703427, 703428, 703431,
703432, 703433, 703434, 703435, 703436, 703437, 703438, 703439, 703441, 703442, 703443, 703444, 703445, 703446,
703447, 703448, 703449, 703450, 703451, 730746, 730747, 730748, 730749, 730750, 730751, 730752, 730753, 730754,
730755, 730756, 730757, 730758, 730759, 730760, 730761, 730762, 730763, 730764, 730765, 730766, 730767, 730768,
730769, 730770, 730771, 730772, 730773, 730774, 730775, 730776, 730777, 730778, 730779, 730780, 730781, 730782,
730783, 730784, 730785, 730786, 730787, 730788, 730789, 730790, 730791, 730792, 730793, 730794, 730795, 730796,
730797, 730798, 730799, 730800, 730801, 730802, 730803, 730804, 730805, 730806, 730807, 730808, 730809, 730810,
730811, 730812, 730813, 730814, 730815, 730816, 730817, 730818, 730819, 730820, 730821, 730822, 730823, 730824,
730825, 730826, 730827, 730828, 730829, 730830, 730831, 730832, 730833, 730834, 730835, 730836, 730837, 730838,
730839, 730840, 730841, 730842, 730843, 730844, 730845, 730846, 730847, 730848, 730849, 730850, 730851, 730852,
730853, 730854, 730855, 730856, 730857, 730858, 730859, 730860, 730861, 730862, 730863, 730864, 730865, 730866,
730867, 730868, 730869, 730870, 730871, 730872, 730873, 730874, 730875, 730876, 730877, 730878, 730879, 730880,
730881, 730882, 730883, 730884, 730885, 730886, 730887, 730888, 730889, 730890, 730891, 730892, 730893, 730894,
730895, 730896, 730897, 730898, 730899, 730900, 730901, 730902, 730903, 730904, 730905, 730906, 730907, 730908,
730909, 730910, 730911, 730912, 730913, 730914, 730915, 730916, 730917, 730918, 730919, 730920, 730921, 730922,
730923, 730924, 730925, 730926, 730927, 730928, 730929, 730930, 730931, 730932, 730933, 730934, 730935, 730936,
730937, 730938, 730939, 730940, 730941, 730942, 730943, 730944, 730945, 730946, 730947, 730948, 730949, 730950,
730951, 730952, 730953, 730954, 730955, 730956, 730957, 730958, 730959, 730960, 730961, 730962, 730963, 730964,
730965, 730966, 730967, 730968, 730969, 730970, 730971, 730972, 730973, 730974, 730975, 730976, 730977, 730978,
730979, 730980, 730981, 730982, 730983, 730984, 730985, 730986, 730987, 730988, 730989, 730990, 730991, 730992,
730993, 730994, 730995, 730996, 730997, 730998, 730999, 731000, 731001, 731002, 731003, 731004, 731005, 731006,
731007, 731008, 731009, 731010, 731011, 731012, 731013, 731014, 731015, 731016, 731017, 731018, 731019, 731020,
731021, 731022, 731023, 731024, 731025, 731026, 731027, 731028, 731029, 731030, 731031, 731032, 731033, 731034,
731035, 731036, 731037, 731038, 731039, 731040, 731041, 731042, 731043, 731044, 731045, 731046, 731047, 731048,
731049, 731050, 731051, 731052, 731053, 731054, 731055, 731056, 731057, 731058, 731059, 731060, 731061, 731062,
731063, 731064, 731065, 731066, 731067, 731068, 731069, 731070, 731071, 731072, 731073, 731074, 731075, 731076,
731077, 731078, 731079, 731080, 731081, 731082, 731083, 731084, 731085, 731086, 731087, 731088, 731089, 731090,
731091, 731092, 731093, 731094, 731095, 731096, 731097, 731098, 731099, 731100, 731101, 731102, 731103, 731104,
731105, 731106, 731107, 731108, 731109, 731110, 731111, 731112, 731113, 731114, 731115, 731116, 731117, 731118,
731119, 731120, 731121, 731122, 731123, 731124, 731125, 731126, 731127, 731128, 731129, 731130, 731131, 731132,
731133, 731134, 731135, 731136, 731137, 731138, 731139, 731140, 731141, 731142, 731143, 731144, 731145, 731146,
731147, 731148, 731149, 731150, 731151, 731152, 731153, 731154, 731155, 731156, 731157, 731158, 731159, 731160,
731161, 731162, 731163, 731164, 731165, 731166, 731167, 731168, 731169, 731170, 731171, 731172, 731173, 731174,
731175, 731176, 731177, 731178, 731179, 731180, 731181, 731182, 731183, 731184, 731185, 731186, 731187, 731188,
731189, 731190, 731191, 731192, 731193, 731194, 731195, 731196, 731197, 731198, 731199, 731200, 731201, 731202,
731203, 731204, 731205, 731206, 731207, 731208, 731209, 731210, 731211, 731212, 731213, 731214, 731215, 731216,
731217, 731218, 731219, 731220, 731221, 731222, 731223, 731224, 731225, 731226, 731227, 731228, 731229, 731230,
731231, 731232, 731233, 731234, 731235, 731236, 731237, 731238, 731239, 731240, 731241, 731242, 731243, 731244,
731245, 731246, 731247, 731248, 731249, 731250, 731251, 731252, 731253, 731254, 731255, 731256, 731257, 731258,
731259, 731260, 731261, 731262, 731263, 731264, 731265, 731266, 731267, 731268, 731269, 731270, 731271, 731272,
731273, 731274, 731275, 731276, 731277, 731278, 731279, 731280, 731281, 731282, 731283, 731284, 731285, 731286,
731287, 731288, 731289, 731290, 731291, 731292, 731293, 731294, 731295, 731296, 731297, 731298, 731299, 731300,
731301, 731302, 731303, 731304, 731305, 731306, 731307, 731308, 731309, 731310, 731311, 731312, 731313, 731314,
731315, 731316, 731317, 731318, 731319, 731320, 731321, 731322, 731323, 731324, 731325, 731326, 731327, 731328,
731329, 731330, 731331, 731332, 731333, 731334, 731335, 731336, 731337, 731338, 731339, 731340, 731341, 731342,
731343, 731344, 731345, 731346, 731347, 731348, 731349, 731350, 731351, 731352, 731353, 731354, 731355, 731356,
731357, 731358, 731359, 731360, 731361, 731362, 731363, 731364, 731365, 731366, 731367, 731368, 731369, 731370,
731371, 731372, 731373, 731374, 731375, 731376, 731377, 731378, 731379, 731380, 731381, 731382, 731383, 731384,
731385, 731386, 731387, 731388, 731389, 731390, 731391, 731392, 731393, 731394, 731395, 731396, 731397, 731398,
731399, 731400, 731401, 731402, 731403, 731404, 731405, 731406, 731407, 731408, 731409, 731410, 731411, 731412,
731413, 731414, 731415, 731416, 840543, 840544, 840545, 840546, 840547, 840548, 856171, 856172, 856173, 856174,
856175, 856176, 856177, 856178, 856179, 856180, 856181, 856182, 856183, 856184, 856185, 856186, 856194, 856195,
856196, 856197, 856198, 856199, 856200, 856201, 856202, 856203, 856204, 955634, 955635, 955636, 955637, 955638,
955639, 955640, 955641, 955642, 955643, 955644, 955645, 955646, 955647, 955648, 955649, 955650, 955651, 955661,
955662, 955663, 955664, 955665, 955666, 955667, 955668, 955669, 955670, 955671, 955672, 955673, 1150466, 1150467,
1150468, 1150469, 1150470, 1150471, 1150472, 1150473, 1293523, 1293524, 1293525, 1293526, 1293527, 1293528, 1293529,
1293530, 1293531, 1293532, 1293533, 1293534, 1293535, 1293536, 1293537, 1293538, 1293539, 1326208, 1326209, 1326210,
1326211, 1326212, 1326213, 1326214, 1326215, 1326216, 1326217, 1326218, 1466657, 1466658, 1466659, 1466660, 1466661,
1466662, 1466663, 1466664, 1466665, 1466666, 1466669, 1466670, 1466671, 1466672, 1466673, 1466674, 1466675, 1641478,
1641479, 1658613, 1658614, 1658615, 1658616, 1658617, 1658618, 1658619, 1658620, 1658621, 1658622, 1658623, 1658624,
1658625, 1658626, 1658627, 1658628, 1658629, 1658630, 1658631, 1658632, 1658633, 1658634, 1658635, 1658636, 1658637,
1658638, 1658639, 1658640, 1658641, 1658642, 1658643, 1658644, 1658645, 1658646, 1658647, 1658648, 1658649, 1658650,
1658651, 1658652, 1658653, 1658654, 1658655, 1658656, 1658657, 1658658, 1658659, 1658660, 1658661, 1658662, 1658663,
1658664, 1658665, 1658666, 1658667, 1658668, 1658669, 1658670, 1658671, 1658672, 1658673, 1658674, 1658675, 1658676,
1658677, 1658678, 1658679, 1658680, 1658681, 1658682, 1658683, 1658684, 1658685, 1658686, 1658687, 1658688, 1658689,
1658690, 1658691, 1658692, 1658693, 1658694, 1658695, 1658696, 1658697, 1658698, 1658699, 1658700, 1658701, 1658702,
1658703, 1658704, 1658705, 1658706, 1658707, 1658708, 1658709, 1658710, 1658711, 1658712, 1658713, 1658714, 1658715,
1658716, 1658717, 1658718, 1658719, 1658720, 1658721, 1658722, 1658723, 1658724, 1658725, 1658726, 1658727, 1658728,
1658729, 1658730, 1658731, 1658732, 1658733, 1658734, 1658735, 1658736, 1658737, 1658738, 1658739, 1658740, 1658741,
1658742, 1658743, 1658744, 1658745, 1658746, 1658747, 1658748, 1658749, 1658750, 1658751, 1658752, 1658753, 1658754,
1658755, 1658756, 1658757, 1658758, 1658759, 1658760, 1658761, 1658762, 1658763, 1658764, 1658765, 1658766, 1658767,
1658768, 1658769, 1658770, 1658771, 1658772, 1658773, 1658774, 1658775, 1658776, 1658777, 1658778, 1658779, 1658780,
1658781, 1658782, 1658783, 1658784, 1658785, 1658786, 1658787, 1658788, 1658789, 1658790, 1658791, 1658792, 1658793,
1658794, 1658795, 1658796, 1658797, 1658798, 1658799, 1658800, 1658801, 1658802, 1658803, 1658804, 1658805, 1658806,
1658807, 1658808, 1658809, 1658810, 1658811, 1658812, 1658813, 1658814, 1658815, 1658816, 1658817, 1658818, 1658819,
1658820, 1658821, 1658822, 1658823, 1658824, 1658825, 1658826, 1658827, 1658828, 1658829, 1658830, 1658831, 1658832,
1658833, 1658834, 1658835, 1658836, 1658837, 1658838, 1658839, 1658840, 1658841, 1658842, 1658843, 1658844, 1658845,
1658846, 1658847, 1658848, 1658849, 1658850, 1658851, 1658852, 1658853, 1658854, 1658855, 1658856, 1658857, 1658858,
1658859, 1658860, 1658861, 1658862, 1658863, 1658864, 1658865, 1658866, 1658867, 1658868, 1658869, 1658870, 1658871,
1658872, 1658873, 1658874, 1658875, 1658876, 1658877, 1658878, 1658879, 1658880, 1658881, 1658882, 1658883, 1658884,
1658885, 1658886, 1658887, 1658888, 1658889, 1658890, 1658891, 1658892, 1658893, 1658894, 1658895, 1658896, 1658897,
1658898, 1658899, 1658900, 1658901, 1658902, 1658903, 1658904, 1658905, 1658906, 1658907, 1658908, 1658909, 1658910,
1658911, 1658912, 1658913, 1658914, 1658915, 1658916, 1658917, 1658918, 1658919, 1658920, 1658921, 1658922, 1658923,
1658924, 1658925, 1658926, 1658927, 1658928, 1658929, 1658930, 1658931, 1658932, 1658933, 1658934, 1658935, 1658936,
1658937, 1658938, 1658939, 1658940, 1658941, 1658942, 1658943, 1658944, 1658945, 1658946, 1658947, 1658948, 1658949,
1658950, 1658951, 1658952, 1658953, 1658954, 1658955, 1658956, 1658957, 1658958, 1658959, 1658960, 1658961, 1658962,
1658963, 1658964, 1658965, 1658966, 1658967, 1658968, 1658969, 1658970, 1658971, 1658972, 1658973, 1658974, 1658975,
1658976, 1658977, 1658978, 1658979, 1658980, 1658981, 1658982, 1658983, 1658984, 1658985, 1658986, 1658987, 1658988,
1658989, 1658990, 1658991, 1658992, 1658993, 1658994, 1658995, 1658996, 1658997, 1658998, 1658999, 1659000, 1659001,
1659002, 1659003, 1659004, 1659005, 1659006, 1659007, 1659008, 1659009, 1659010, 1659011, 1659012, 1659013, 1659014,
1659015, 1659016, 1659017, 1659018, 1659019, 1659020, 1659021, 1659022, 1659023, 1659024, 1659025, 1659026, 1659027,
1659028, 1659029, 1659030, 1659031, 1659032, 1659033, 1659034, 1659035, 1659036, 1659037, 1659038, 1659039, 1659040,
1659041, 1659042, 1659043, 1659044, 1659045, 1659046, 1659047, 1659048, 1659049, 1659050, 1659051, 1659052, 1659053,
1659054, 1659055, 1659056, 1659057, 1659058, 1659059, 1659060, 1659061, 1659062, 1659063, 1659064, 1659065, 1659066,
1659067, 1659068, 1659069, 1659070, 1659071, 1659072, 1659073, 1659074, 1659075, 1659076, 1659077, 1659078, 1659079,
1659080, 1659081, 1659082, 1659083, 1659084, 1659085, 1659086, 1659087, 1659088, 1659089, 1659090, 1659091, 1659092,
1659093, 1659094, 1659095, 1659096, 1659097, 1659098, 1659099, 1659100, 1659101, 1659102, 1659103, 1659104, 1659105,
1659106, 1659107, 1659108, 1659109, 1659110, 1659111, 1659112, 1659113, 1659114, 1659115, 1659116, 1659117, 1659118,
1659119, 1659120, 1659121, 1659122, 1659123, 1659124, 1659125, 1659126, 1659127, 1659128, 1659129, 1659130, 1659131,
1659132, 1659133, 1659134, 1659135, 1659136, 1659137, 1659138, 1659139, 1659140, 1659141, 1659142, 1659143, 1659144,
1659145, 1659146, 1659147, 1659148, 1659149, 1659150, 1659151, 1659152, 1659153, 1659154, 1659155, 1659156, 1659157,
1659158, 1659159, 1659160, 1659161, 1659162, 1659163, 1659164, 1659165, 1659166, 1659167, 1659168, 1659169, 1659170,
1659171, 1659172, 1659173, 1659174, 1659175, 1659176, 1659177, 1659178, 1659179, 1659180, 1659181, 1659182, 1659183,
1659184, 1659185, 1659186, 1659187, 1659188, 1659189, 1659190, 1659191, 1659192, 1659193, 1659194, 1659195, 1659196,
1659197, 1659198, 1659199, 1659200, 1659201, 1659202, 1659203, 1659204, 1659205, 1659206, 1659207, 1659208, 1659209,
1659210, 1659211, 1659212, 1659213, 1659214, 1659215, 1659216, 1659217, 1659218, 1659219, 1659220, 1659221, 1659222,
1659223, 1659224, 1659225, 1659226, 1659227, 1659228, 1659229, 1659230, 1659231, 1659232, 1659233, 1659234, 1659235,
1659236, 1659237, 1659238, 1659239, 1659240, 1659241, 1659242, 1659243, 1659244, 1659245, 1659246, 1659247, 1659248,
1659249, 1659250, 1659251, 1659252, 1659253, 1659254, 1659255, 1659256, 1659257, 1659258, 1659259, 1659260, 1659261,
1659262, 1659263, 1659264, 1659265, 1659266, 1659267, 1659268, 1659269, 1659270, 1659271, 1659272, 1659273, 1659274,
1659275, 1659276, 1659277, 1659278, 1659279, 1659280, 1659281, 1659282, 1659283, 1659284, 1659285, 1659286, 1659287,
1659288, 1659289, 1659290, 1659291, 1659292, 1659293, 1659294, 1659295, 1659296, 1659297, 1659298, 1659299, 1659300,
1659301, 1659302, 1659303, 1659304, 1659305, 1659306, 1659307, 1659308, 1659309, 1659310, 1659311, 1659312, 1659313,
1659314, 1659315, 1659316, 1659317, 1659318, 1659319, 1659320, 1659321, 1659322, 1659323, 1659324, 1659325, 1659326,
1659327, 1659328, 1659329, 1659330, 1659331, 1659332, 1659333, 1659334, 1659335, 1659336, 1659337, 1659338, 1659339,
1659340, 1659341, 1659342, 1659343, 1659344, 1659345, 1659346, 1659347, 1659348, 1659349, 1659350, 1659351, 1659352,
1659353, 1659354, 1659355, 1659356, 1659357, 1659358, 1659359, 1659360, 1659361, 1659362, 1659363, 1659364, 1659365,
1659366, 1659367, 1659368, 1659369, 1659370, 1659371, 1659372, 1659373, 1659374, 1659375, 1659376, 1659377, 1659378,
1659379, 1659380, 1659381, 1659382, 1659383, 1659384, 1659385, 1659386, 1659387, 1659388, 1659389, 1659390, 1659391,
1659392, 1659393, 1659394, 1659395, 1659396, 1659397, 1659398, 1659399, 1659400, 1659401, 1659402, 1659403, 1659404,
1659405, 1659406, 1659407, 1659408, 1659409, 1659410, 1659411, 1659412, 1659413, 1659414, 1659415, 1659416, 1659417,
1659418, 1659419, 1659420, 1659421, 1659422, 1659423, 1659424, 1659425, 1659426, 1659427, 1659428, 1659429, 1659430,
1659431, 1659432, 1659433, 1659434, 1659435, 1659436, 1659437, 1659438, 1659439, 1659440, 1659441, 1659442, 1659443,
1659444, 1659445, 1659446, 1659447, 1659448, 1659449, 1659450, 1659451, 1659452, 1659453, 1659454, 1659455, 1659456,
1659457, 1659458, 1659459, 1659460, 1659461, 1659462, 1659463, 1659464, 1659465, 1659466, 1659467, 1659468, 1659469,
1659470, 1659471, 1659472, 1659473, 1659474, 1659475, 1659476, 1659477, 1659478, 1659479, 1659480, 1659481, 1659482,
1659483, 1659484, 1659485, 1659486, 1659487, 1659488, 1659489, 1659490, 1659491, 1659492, 1659493, 1659494, 1659495,
1659496, 1659497, 1659498, 1659499, 1659500, 1659501, 1659502, 1659503, 1659504, 1659505, 1659506, 1659507, 1659508,
1659509, 1659510, 1659511, 1659512, 1659513, 1659514, 1659515, 1659516, 1659517, 1659518, 1659519, 1659520, 1659521,
1659522, 1659523, 1659524, 1659525, 1659526, 1659527, 1659528, 1659529, 1659530, 1659531, 1659532, 1659533, 1659534,
1659535, 1659536, 1659537, 1659538, 1659539, 1659540, 1659541, 1659542, 1659543, 1659544, 1659545, 1659546, 1659547,
1659548, 1659549, 1659550, 1659551, 1659552, 1659553, 1659554, 1659555, 1659556, 1659557, 1659558, 1659559, 1659560,
1659561, 1659562, 1659563, 1659564, 1659565, 1659566, 1659567, 1659568, 1659569, 1659570, 1659571, 1659572, 1659574,
1659575, 1659576, 1659577, 1659578, 1659579, 1659580, 1659581, 1659582, 1659583, 1659584, 1659585, 1659586, 1659587,
1659588, 1659589, 1659590, 1659591, 1659592, 1659593, 1659594, 1659595, 1659596, 1659597, 1659598, 1659599, 1659600,
1659601, 1659602, 1659603, 1659604, 1659605, 1659606, 1659607, 1659608, 1659609, 1659610, 1659611, 1659612, 1659613,
1659614, 1659615, 1659616, 1659617, 1659618, 1659619, 1659620, 1659621, 1659622, 1659623, 1659624, 1659625, 1659626,
1659627, 1659628, 1659629, 1659630, 1659631, 1659632, 1659633, 1659634, 1659635, 1659636, 1659637, 1659638, 1659639,
1659640, 1659641, 1659642, 1659643, 1659644, 1659645, 1659646, 1659647, 1659648, 1659649, 1659650, 1659651, 1659652,
1659653, 1659654, 1659655, 1659656, 1659657, 1659658, 1659659, 1659660, 1659661, 1659662, 1659663, 1659664, 1659665,
1659666, 1659667, 1659668, 1659669, 1659670, 1659671, 1659672, 1659673, 1659674, 1659675, 1659676, 1659677, 1659678,
1659679, 1659680, 1659681, 1659682, 1659683, 1659684, 1659685, 1659686, 1659687, 1659688, 1659689, 1659690, 1659691,
1659692, 1659693, 1659694, 1659695, 1659696, 1659697, 1659698, 1659699, 1659700, 1659701, 1659702, 1659703, 1659704,
1659705, 1659706, 1659707, 1659708, 1659709, 1659710, 1659711, 1659712, 1659713, 1659714, 1659715, 1659716, 1659717,
1659718, 1659719, 1659720, 1659721, 1659722, 1659723, 1659724, 1659725, 1659726, 1659727, 1659728, 1659729, 1659730,
1659731, 1659732, 1659733, 1659734, 1659735, 1659736, 1659737, 1659738, 1659739, 1659740, 1659741, 1659742, 1659743,
1659744, 1659745, 1659746, 1659747, 1659748, 1659749, 1659750, 1659751, 1659752, 1659753, 1659754, 1659755, 1659756,
1659757, 1659758, 1659759, 1659760, 1659761, 1659762, 1659763, 1659764, 1659765, 1659766, 1659767, 1659768, 1659769,
1659770, 1659771, 1659772, 1659773, 1659774, 1659775, 1659776, 1659777, 1659778, 1659779, 1659780, 1659781, 1659782,
1659783, 1659784, 1659785, 1659786, 1659787, 1659788, 1659789, 1659790, 1659791, 1659792, 1659793, 1659794, 1659795,
1659796, 1659797, 1659798, 1659799, 1659800, 1659801, 1659802, 1659803, 1659804, 1659805, 1659806, 1659829, 1659830,
1659831, 1659832, 1659833, 1659834, 1659835, 1659836, 1659837, 1659838, 1659839, 1659843, 1659844, 1659845, 1659846,
1659847, 1659848, 1659849, 1659850, 1659851, 1659852, 1659853, 1659854, 1659858, 1659859, 1659860, 1659861, 1659862,
1659863, 1659864, 1659865, 1659866, 1659867, 1659871, 1659872, 1659873, 1659874, 1659875, 1659876, 1659877, 1659878,
1696909, 1696910, 1696911, 1696912, 1696913, 1696914, 1696915, 1696916, 1696917, 1696918, 1696919, 1696920, 1696921,
1696922, 1696923, 1696924, 1696925, 1696926, 1696927, 1715153, 1715154, 1715155, 1715156, 1715157, 1715158, 1715159,
1715160, 1715162, 1715163, 1715164, 1715165)
Grus_grus_bad <- Grus_grus %>% filter(row_number() %in% badRows)
Grus_grus_bad_coords <- Grus_grus_bad %>% select(catalogNumber, decimalLongitude, decimalLatitude, myEventDate)
View(Grus_grus_bad_coords)
peek(Grus_grus_bad_coords)
head(Grus_grus_bad_coords)
head(Grus_grus %>% select(catalogNumber, decimalLongitude, decimalLatitude, myEventDate))
Grus_grus_noCatalogNumber <- Grus_grus %>% select(-catalogNumber)
fwrite(Grus_grus_noCatalogNumber, "Grus_grus_noCatalogNumber.csv")
